5,0,0,4,0,0,10,4,27,4,10,*
2,1024,0,2816,768,,
2,0,0,768,768,.
3,4095,2049,2049,0,0,0,[
3,2049,2049,0,0,0,4095,]
1,792,0,:
5,0,0,0,0,32,136,216,80,112,0,>
6,136,0,0,0,260,0,372,514,514,514,248,32,0
5,0,516,516,512,512,516,0,506,0,0,1
6,512,512,514,512,520,0,262,130,192,102,20,512,2
5,0,0,546,0,204,518,514,0,562,272,3
7,0,64,64,64,64,64,0,96,48,24,4,958,958,64,4
5,0,18,530,2,162,798,512,0,784,320,5
6,152,0,528,2,288,0,352,788,2,528,194,192,6
6,2,2,2,2,2,0,512,768,192,48,12,2,7
6,268,0,514,32,324,0,208,562,32,514,152,128,8
6,36,512,66,0,132,0,536,66,512,322,376,48,9
5,0,520,8,64,992,904,64,576,280,16,a
6,1023,0,512,0,0,0,0,528,8,520,440,224,b
5,0,272,0,520,0,64,224,520,0,520,c
5,272,0,8,0,272,224,520,512,528,751,d
6,0,272,0,8,0,272,64,224,520,512,528,751,d
6,0,272,0,520,0,272,64,224,520,0,528,751,d
5,320,64,64,64,64,176,520,520,520,48,e
6,0,320,64,64,64,64,64,176,520,520,520,48,e
6,0,320,64,576,64,64,64,176,520,8,520,48,e
4,0,1020,8,9,8,2,1,0,f
6,0,272,4096,4104,0,1280,64,4320,520,512,4616,2808,g
5,1023,0,0,8,16,0,16,8,0,1000,h
1,1018,0,i
3,4096,8,0,8,6146,4090,j
5,1023,0,0,0,512,0,96,240,408,8,k
1,1023,0,l
9,1016,0,0,0,1008,0,0,0,1008,0,16,8,8,0,16,8,8,0,m
5,1016,0,0,8,16,0,16,8,0,1000,n
7,0,272,0,520,0,272,0,64,224,520,0,520,224,224,o
6,272,0,520,0,272,0,224,520,0,520,224,224,o
6,8184,0,512,0,256,0,0,512,8,520,184,224,p
5,272,0,8,0,256,224,520,512,520,7928,q
6,0,272,0,8,0,256,64,224,520,512,520,7928,q
4,1016,0,0,0,0,16,8,8,r
5,1016,0,0,0,0,0,16,8,8,8,r
5,1016,0,0,0,0,0,16,8,8,64,r
4,0,512,72,0,568,72,512,968,s
4,0,510,8,520,8,0,512,0,t
3,504,0,0,0,512,512,u
5,32,0,256,64,8,80,448,512,160,16,v
6,0,32,0,256,64,8,8,80,448,512,160,16,v
6,0,32,0,256,64,8,8,80,960,512,160,16,v
9,0,32,768,0,16,0,0,256,16,8,216,128,448,40,112,896,640,104,w
5,0,160,64,256,0,792,80,160,176,520,x
6,0,0,160,64,256,0,520,792,80,160,176,520,x
6,0,32,2048,256,64,8,8,80,6080,1536,160,16,y
6,0,32,2048,256,64,8,8,88,6080,1536,160,16,y
5,32,2048,256,64,8,80,6080,1536,160,16,y
3,520,552,520,192,64,16,z
3,520,520,520,192,96,16,z
7,128,144,130,132,160,384,0,320,104,4,10,88,576,0,A
8,0,128,144,130,132,160,384,0,768,320,104,4,10,88,576,512,A
6,1022,546,546,546,0,448,0,0,0,0,566,12,B
7,0,136,0,0,514,0,0,32,372,260,514,0,514,514,C
7,1022,514,514,0,0,260,88,0,0,0,514,514,0,160,D
6,1022,546,546,546,546,0,0,0,0,0,0,546,E
6,1022,34,34,34,34,0,0,0,0,0,0,2,F
8,0,136,0,0,514,578,64,448,32,372,260,514,0,0,514,516,G
7,1022,32,32,32,32,32,0,0,0,0,0,0,0,1022,H
3,514,1022,514,0,0,0,I
5,0,512,2,258,0,512,2,512,252,64,J
6,1022,32,32,0,0,512,0,0,80,200,388,258,K
5,1022,512,512,512,512,0,0,0,0,0,L
8,1022,0,16,0,0,0,0,1022,0,14,40,192,192,56,14,0,M
8,1022,4,16,0,0,0,0,1022,0,10,40,192,192,56,14,0,M
7,1022,2,8,32,128,256,0,0,4,20,80,64,640,1022,N
9,0,136,0,0,514,0,0,0,0,32,372,260,514,0,514,774,508,112,O
5,1022,66,66,0,0,0,0,0,66,38,P
8,0,136,0,0,514,1536,0,2048,32,372,260,514,0,2,2822,508,Q
7,1022,66,66,64,0,0,0,0,0,0,130,438,796,512,R
6,20,0,546,32,0,0,520,562,0,514,866,448,S
8,2,2,2,2,2,2,2,0,0,0,0,1020,0,0,0,2,T
4,254,0,0,0,256,256,512,512,U
4,254,0,0,0,0,256,512,512,U
6,64,512,256,32,4,0,176,384,640,80,26,2,V
11,0,8,128,768,0,4,0,0,512,64,4,2,54,864,0,240,10,30,480,256,432,26,W
7,0,0,8,32,80,0,514,514,774,212,80,160,396,256,X
5,0,32,0,0,2,24,960,48,12,4,Y
5,0,32,0,0,2,24,976,48,12,4,Y
7,0,770,514,546,514,514,512,512,128,192,64,24,12,2,Z

2,0,0,1536,512,,
1,0,520,:
3,64,64,0,0,0,64,-
6,0,0,514,0,0,0,260,514,0,514,774,396,0
3,0,0,0,8,1022,1022,1
6,512,512,514,514,512,520,388,198,64,96,38,20,2
6,512,512,512,512,512,512,388,198,66,98,38,28,2
5,0,546,32,32,8,546,0,514,534,468,3
5,0,546,32,32,8,546,0,514,790,468,3
8,128,128,128,128,128,646,128,0,64,96,48,8,6,376,514,128,4
6,2,2,514,18,2,34,828,528,16,512,816,448,5
6,2,2,514,18,2,34,828,528,16,512,784,448,5
8,96,256,0,512,18,0,32,0,152,236,822,18,512,818,452,192,6
6,2,514,2,2,2,2,0,256,448,96,24,12,7
7,2,2,514,2,2,2,2,0,0,256,448,96,24,12,7
6,2,514,2,2,2,2,0,256,960,96,24,12,7
6,0,32,546,544,32,0,886,514,0,2,518,1020,8
6,0,32,546,544,32,0,886,514,0,2,790,1020,8
8,24,0,0,578,0,0,24,0,292,870,578,0,578,806,484,112,9
8,8,0,0,578,0,0,24,0,308,870,578,0,578,806,484,112,9
